%YAML:1.0
---
model_type: PINHOLE
camera_name: camera
image_width: 640
image_height: 480
distortion_parameters:
   k1: -0.01271345388755075
   k2: 0.006848591988051175
   p1: 0.0003454974036873251
   p2:  -0.0017560126759889945
projection_parameters:
   fx: 382.0931468553336
   fy: 383.0021464121175
   cx: 318.721811847653
   cy: 236.5786634752313