%YAML:1.0

cam0:
  T_imu_cam: #rotation from camera to IMU R_CtoI, position of camera in IMU p_CinI
    - [0.01155887, -0.06645319,  0.99772259,  0.11997315]
    - [-0.9999145 , -0.00686978,  0.01112671,  0.03277345]
    - [0.00611473, -0.99776589, -0.06652692,  0.04487134]
    - [0.0, 0.0, 0.0, 1.0]
  cam_overlaps: [1]
  camera_model: pinhole
  distortion_coeffs: [0.010121763654427225, -0.01020820853597662, 0.000569816494845386, -0.0027521929862397566]
  distortion_model: radtan
  intrinsics: [385.1048541260792, 386.1493637186055, 316.0189526750673, 233.82710209510972] #fu, fv, cu, cv
  resolution: [640, 480]
  rostopic: /camera/infra1/image_rect_raw
cam1:
  T_imu_cam: #rotation from camera to IMU R_CtoI, position of camera in IMU p_CinI
    - [0.01363583, -0.06711659,  0.99765196,  0.11998571]
    - [-0.99988989, -0.00675716,  0.01321184, -0.01643655]
    - [0.00585456, -0.99772226, -0.06720134,  0.04507797]
    - [0.0, 0.0, 0.0, 1.0]
  cam_overlaps: [0]
  camera_model: pinhole
  distortion_coeffs: [0.006544181850115668, -0.005394164356124324, 0.0006663626241476452, -0.003198489086604299]
  distortion_model: radtan
  intrinsics: [385.70371566200026, 386.77204606802354, 315.60963351967337, 235.3014977391023] #fu, fv, cu, cv
  resolution: [640, 480]
  rostopic: /camera/infra2/image_rect_raw