cam0:
  cam_overlaps: [1]
  camera_model: pinhole
  distortion_coeffs: [0.010121763654427225, -0.01020820853597662, 0.000569816494845386, -0.0027521929862397566]
  distortion_model: radtan
  intrinsics: [385.1048541260792, 386.1493637186055, 316.0189526750673, 233.82710209510972]
  resolution: [640, 480]
  rostopic: /infra1_image_rect_raw
cam1:
  T_cn_cnm1:
  - [0.9999978089764845, 0.00012139885731448952, 0.002089809693188218, -0.049205959811151]
  - [-0.00012001243814354848, 0.9999997726614708, -0.00066353148178867, -0.0001255149820521973]
  - [-0.002089889770057631, 0.0006632792248190527, 0.9999975962078232, 0.0006515108708108628]
  - [0.0, 0.0, 0.0, 1.0]
  cam_overlaps: [0]
  camera_model: pinhole
  distortion_coeffs: [0.006544181850115668, -0.005394164356124324, 0.0006663626241476452, -0.003198489086604299]
  distortion_model: radtan
  intrinsics: [385.70371566200026, 386.77204606802354, 315.60963351967337, 235.3014977391023]
  resolution: [640, 480]
  rostopic: /infra2_image_rect_raw
