cam0:
  T_cam_imu:
  - [0.011558874913033174, -0.999914497598676, 0.006114728345017584, 0.03110951654961691]
  - [-0.06645319494791829, -0.006869778943657284, -0.9977658938941942, 0.052968837482054436]
  - [0.9977225893463373, 0.011126707925248669, -0.06652691995566445, -0.11707942912945928]
  - [0.0, 0.0, 0.0, 1.0]
  cam_overlaps: [1]
  camera_model: pinhole
  distortion_coeffs: [0.010121763654427225, -0.01020820853597662, 0.000569816494845386, -0.0027521929862397566]
  distortion_model: radtan
  intrinsics: [385.1048541260792, 386.1493637186055, 316.0189526750673, 233.82710209510972]
  resolution: [640, 480]
  rostopic: /infra1_image_rect_raw
  timeshift_cam_imu: -0.00231305547747402
cam1:
  T_cam_imu:
  - [0.01363583258366377, -0.9998898880437332, 0.005854558705936486, -0.018334754792740587]
  - [-0.06711658739743004, -0.006757158126096979, -0.9977222582012402, 0.05291726281631113]
  - [0.9976519572305131, 0.013211835676766703, -0.06720133653564264, -0.1164575191549561]
  - [0.0, 0.0, 0.0, 1.0]
  T_cn_cnm1:
  - [0.9999978089764834, 0.00012139885731448955, 0.002089809693188218, -0.049205959811151]
  - [-0.0001200124381435485, 0.9999997726614697, -0.0006635314817886701, -0.0001255149820521973]
  - [-0.002089889770057631, 0.0006632792248190528, 0.9999975962078221, 0.0006515108708108628]
  - [0.0, 0.0, 0.0, 1.0]
  cam_overlaps: [0]
  camera_model: pinhole
  distortion_coeffs: [0.006544181850115668, -0.005394164356124324, 0.0006663626241476452, -0.003198489086604299]
  distortion_model: radtan
  intrinsics: [385.70371566200026, 386.77204606802354, 315.60963351967337, 235.3014977391023]
  resolution: [640, 480]
  rostopic: /infra2_image_rect_raw
  timeshift_cam_imu: -0.002299837425766094
